3.025149759472426299e-16
6.233509799722733843e-14
7.199150581075177122e-12
2.462497910580809697e-11
2.433577250765454057e-10
5.999666709528504000e-09
6.754256627168192545e-09
2.795759707372575288e-08
6.092662640644286372e-08
1.321528767910137672e-07
4.330938266038088436e-07
6.127003137963345820e-07
3.087722412379268404e-06
6.283920556194309056e-06
1.094487807381769723e-05
2.131762691198228011e-05
5.115943062568591008e-05
6.009666844326305718e-05
1.223008887597583523e-04
2.488404161035631819e-04
2.906342289501408650e-04
3.845559731477911575e-04
7.102459826104083780e-04
1.190762158929780301e-03
1.346282928446631720e-03
2.077376171058126567e-03
2.537481935533907138e-03
3.114657310565328071e-03
3.269249288244541196e-03
4.314484661461109351e-03
7.099086666609993879e-03
8.856748047355113979e-03
1.061648767292299421e-02
1.348344119469572014e-02
1.915853760490544844e-02
2.441933369806752532e-02
2.615813724432522816e-02
3.696554508755621471e-02
4.150442601592748554e-02
5.397376383385356358e-02
6.437875754066761658e-02
8.704104370002027635e-02
1.053409144504108275e-01
1.368586704154745037e-01
2.659279838611288693e-01
2.901941241400950999e-01
4.317676162590183830e-01
6.465431938828286595e-01
9.796893120120515608e-01
1.230140574963653588e+00
1.735882704772534701e+00
3.113396896146865434e+00
3.956558148751214699e+00
5.523848201064759600e+00
6.748304686717492729e+00
1.246517636884136415e+01
4.097986108984897413e+01
3.615156207749114401e+02
2.713769071391479429e+03
